4294967294,0
4294967279,127
4294967279,126
4294967279,124
4294967279,123
4294967279,121
4294967279,120
4294967279,117
4294967279,114
4294967279,113
4294967279,103
4294967279,102
4294967279,100
4294967279,99
4294967279,96
4294967279,93
4294967279,91
4294967279,90
4294967279,86
4294967279,82
4294967279,80
4294967279,79
4294967279,77
4294967279,75
4294967279,72
4294967279,71
4294967279,69
4294967279,67
4294967279,66
4294967279,30
4294967279,28
4294967279,27
4294967279,25
4294967279,23
4294967279,21
4294967279,19
4294967279,18
4294967279,16
4294967279,15
4294967279,13
4294967279,11
4294967279,9
4294967279,7
4294967279,6
4294967279,4
4243767290,0
4294967279,235
4294967279,111
4294967279,233
4294967279,110
4294967279,105
4294967279,564
4294967279,276
4294967279,214
4294967279,212
4294967279,211
4294967279,207
4294967279,201
4294967279,200
4294967279,195
4294967279,193
4294967279,192
4294967279,190
4294967279,188
4294967279,187
4294967279,185
4294967279,184
4294967279,182
4294967279,181
4294967279,300
4294967279,177
4294967279,176
117,4
117,3
117,2
117,1
4294967279,175
4294967279,523
4294967279,253
4294967294,1065
4294967294,1068
4294967294,190
4294967294,422
4294967294,1074
4294967294,1153
4294967279,169
4294967279,168
116,5
116,4
116,3
116,2
116,1
4294967294,484
4294967279,166
4294967294,397
4294967294,396
4294967294,153
4294967294,179
4294967294,407
4294967294,183
4294967294,384
4294967294,1076
4294967294,449
4294967294,417
4294967294,469
4294967294,111
115,6
4294967279,160
115,5
115,4
115,3
115,2
115,1
4294967279,158
4294967279,154
114,5
114,4
4294967279,152
114,3
114,2
114,1
4294967279,519
4294967279,132
4294967279,131
4294967279,129
4294967279,567
4294967279,551
4294967279,534
4294967279,549
4294967279,533
4294967279,530
4294967279,62
4294967279,60
4294967279,59
4294967279,57
4294967279,56
4294967279,53
4294967279,50
4294967279,49
4294967279,47
4294967279,46
4294967279,41
4294967279,40
4294967279,557
4294967279,35
4294967279,32
4294967279,151
4294967279,563
4294967279,518
4294967279,149
4294967279,38
4294967279,36
4294967279,146
113,5
113,4
113,3
113,2
113,1
4294967279,144
4294967279,522
38,3
38,0
4294967279,140
4294967279,520
4294967279,260
112,7
112,6
4294967279,137
112,5
112,4
112,3
112,2
112,1
4294967279,274
4294967279,135
4294967279,286
4294967278,275
4294967279,269
111,4
111,3
111,2
111,1
4294967279,268
4294967278,271
4294967279,264
110,5
110,4
110,3
110,2
110,1
4294967278,265
4294967278,264
109,5
109,4
109,3
109,2
109,1
4294967279,277
32,3
32,0
71,0
4294967279,512
4294967279,283
4294967279,128
4294967279,319
108,5
108,4
4294967279,536
108,3
108,2
108,1
4294967279,316
4294967294,483
4294967294,166
4294967279,317
4294967278,256
4294967279,221
4294967279,174
107,5
107,4
107,3
107,2
107,1
4294967294,1072
4294967294,163
4294967278,247
106,6
106,5
106,4
106,3
106,2
106,1
4294967279,239
4294967279,550
105,4
105,3
105,2
105,1
67,0
4294967279,225
4294967279,220
104,6
104,5
104,4
4294967279,216
104,3
104,2
104,1
4294967294,392
4294967294,389
4294967279,213
4294967279,311
103,4
4294967279,209
103,3
103,2
103,1
4294967279,208
65,0
4294967279,309
4294967279,206
4294967279,204
102,6
102,5
4294967279,203
102,4
102,3
102,2
102,1
4294967294,386
4294967294,421
4294967294,178
4294967294,167
4294967294,1075
4294967294,113
4294967294,448
4294967294,160
4294967294,116
4294967279,307
4294967279,198
101,4
4294967279,197
101,3
101,2
101,1
63,0
4294967279,194
4294967279,118
4294967279,107
4294967279,106
4294967279,288
4294967279,529
100,4
100,3
100,2
100,1
4294967279,189
4294967279,303
99,4
99,3
99,2
99,1
4294967279,301
4294967294,1431
4294967294,482
4294967279,526
98,5
98,4
98,3
98,2
98,1
4294967279,524
4294967279,298
4294967294,438
4294967294,1156
4294967294,1078
97,7
97,6
97,5
97,4
97,3
97,2
97,1
4294967279,296
4294967279,215
4294967279,313
4294967279,295
96,5
96,4
96,3
96,2
96,1
4294967294,414
4294967279,157
4294967278,383
4294967279,293
95,4
4294967279,153
95,3
95,2
95,1
94,4
94,3
94,2
94,1
4294967294,400
4294967279,290
4294967279,291
93,4
93,3
93,2
93,1
4294967279,142
4294967294,165
92,6
92,5
92,4
4294967279,136
92,3
92,2
92,1
4294967279,134
91,5
4294967278,274
91,4
91,3
91,2
91,1
4294967279,281
4294967278,273
4294967294,120
4294967294,114
4294967279,267
4294967279,265
4294967278,270
4294967278,269
90,6
4294967279,284
90,5
90,4
4294967279,262
90,3
90,2
90,1
4294967278,266
4294967278,263
4294967278,262
4294967279,256
89,6
89,5
4294967278,259
89,4
4294967279,537
89,3
89,2
89,1
4294967278,258
4294967294,387
4294967294,481
4294967294,1159
4294967294,176
4294967279,318
4294967278,257
88,6
88,5
88,4
88,3
88,2
88,1
4294967279,553
4294967279,575
4294967279,249
4294967294,89
87,6
87,5
4294967279,246
87,4
87,3
87,2
87,1
4294967278,243
4294967279,243
0,5
69,0
4294967279,241
4294967294,107
4294967279,236
4294967279,234
86,5
86,4
86,3
86,2
86,1
4294967279,231
4294967294,99
4294967294,5
4294967278,119
4294967278,117
4294967278,108
4294967278,98
4294967278,96
4294967278,86
4294967278,83
4294967278,76
4294967278,74
4294967278,260
4294967278,65
4294967278,62
4294967278,55
4294967278,53
4294967278,44
4294967278,34
4294967278,31
4294967278,27
4294967278,25
4294967278,24
4294967278,23
4294967278,22
4294967278,21
4294967278,20
4294967278,19
4294967278,18
